
Cədvəl 1.1. Əsas makroiqtisadi göstəricilər
Table 1.1. Main macroeconomic indicators


Tarix, Ümumi daxili məhsul (ÜDM), ÜDM-in deflyatoru, Qeyri-neft ÜDM*, Əsas kapitala investisiya, Əhalinin nominal gəlirləri, Nominal orta aylıq əmək haqqı, İstehlak qiymətləri indeksi
Cəmi,, Artım tempi, %, Cəmi,, Artım tempi, %, Cəmi,, Artım tempi, %, Cəmi,, Artım tempi, %, Cəmi,, Artım tempi, %, əvvəlki aya nisbətən, %, 12 aylıq, %, orta illik, %
mln. manat, mln. manat, mln. manat, mln. manat,  manat
Date, Gross Domestic Product, GDP deflator, Non-oil GDP*, Capital investments, Nominal income of population, Nominal average monthly wage, Consumer Price Index 
Total,, Growth rate, %, Total,, Growth rate, %, Total,, Growth rate, %, Total,, Growth rate, %, Total,, Growth rate, %, monthly, %, 12 month, %, Annual average, %
mln. manat, mln. manat, mln. manat, mln. manat, manat

1995, 2133.8, 88.2, 227.96, 187.01, 1313.98, 13.4, 4.7, 411.8
1996, 2732.6, 101.3, 644.5, 282.7, 1708.18, 130, 18.72, 139.5, 1.7, 19.9
1997, 3158.2, 105.8, 910.2, 141.2, 2473.22, 177.78, 28.33, 151.33, -0.2, 3.7
1998, 3440.6, 110, 1102.4, 121.1, 2849.16, 115.2, 33.72, 119, -5.9, -0.7999999999999972
1999, 3775, 107.4, 928.5, 84.2, 3227.38, 113.2, 36.85, 109.28, 0.4, -8.5
2000, 4718.2, 111.1, 3055.8, 109.9, 967.8, 104.2, 3511.36, 108.8, 44.32, 120.2, 0.6, 1.8
2001, 5315.6, 109.9, 3195.9, 108.7, 1170.8203, 116.7, 3876.36, 110.4, 52, 126.7, 0.9, 1.5
2002, 6062.5, 110.6, 3693.9, 113.8, 2106.9767, 182.2, 4233.98, 111.4, 62.6, 121.2, 0.6, 2.8
2003, 7146.5, 111.2, 4447.6, 114.9, 3786.3667, 173, 4841.58, 111.4, 76.6, 121.4, 1.5, 2.2
2004, 8530.2, 110.2, 5242.5, 113.6, 4922.7559, 135.9, 6009.48, 120.7, 96.7, 126.2, 1.8, 6.7
2005, 12522.5, 126.4, 116.1, 6055.1, 108.3, 5769.8763, 112.7, 7792.3, 125.7, 117.9, 121.9, 2.2, 5.4, 9.6
01, 656.06, 107, 396.78, 107.4, 364.18, 102.1, 491.9, 117.8, 106.42, 121.6, 1.4, 9.79365839330299, 9.79365839330299
02, 1406.36, 108.5, 879.64, 108.4, 667.6, 105.2, 1009.24, 122.7, 106.6, 121.7, 1.2, 10.967549748110855, 10.3809836860856
03, 2131.48, 110.8, 1260.9, 107.3, 1082.58, 98.2, 1620.9, 124.1, 106.78, 122.8, 2.2, 12.310628126638505, 11.028656085002936
04, 3088.96, 114.2, 1835.9, 107, 1582.84, 109.9, 2227.3, 125.2, 109.76, 124.5, 0.6, 12.25260722683143, 11.337730511194422
05, 3967.82, 116, 2391.86, 107.8, 2123.3, 114.5, 2820.9, 125.4, 111.14, 125.5, -0.7, 11.305353825057907, 11.331195464641013
06, 4901.02, 116.5, 2962.08, 107.7, 2555.22, 110.3, 3446.22, 125.9, 112.24, 125.9, -1.8, 10.997022827265752, 11.275787708469124
07, 5870.46, 118.9, 3546.82, 107.8, 2966.06, 109.7, 4077.36, 126, 113.44, 122.3, -1.6, 10.514883043019722, 11.168657216900925
08, 7142.8, 120.2, 4258.86, 107.9, 3413.4, 111.4, 4698.64, 126.3, 114.48, 122.5, -0.6, 10.114411925730678, 11.038817280966981
09, 8180.58, 121.8, 4784.16, 107.7, 3808.22, 110.7, 5374, 126.7, 115.5, 122.2, 0.8, 10.241006461507268, 10.950801398777088
10, 9278.84, 123.4, 5368.2, 107.8, 4307, 110.4, 6117.78, 126.8, 116.36, 121.7, 0.5, 6.142957692733347, 10.454329524005686
11, 10465.94, 125.2, 6061.04, 108.1, 4716.66, 111.9, 6884.9, 126.9, 117.12, 122.2, 1.1, 4.9376642905702965, 9.927421654809024
12, 12522.5, 126.4, 6055, 108.3, 5424.3, 112.7, 7792.3, 125.7, 117.9, 121.9, 2.2, 5.4, 9.6

2006, 18746.2, 134.5, 107.1, 7630, 111.9, 6234.4837, 114.8, 9949.8, 123.4, 141.3, 119.8, 2.1, 11.4, 8.3
01, 1012.8, 134.6, 513, 106.4, 356.5, 101.2, 602.5, 117.9, 127.2, 119.5, 1.3, 5.3, 5.3
02, 2228.9, 148.1, 1066.8, 107.6, 687.7, 105.2, 1572.1, 118.4, 128.7, 120.7, 1.9, 6.1, 5.7
03, 3223, 139.5, 1310.5, 108.9, 1106.7, 106.9, 2460.6, 118.6, 129.7, 120.3, 1.3, 5, 5.5
04, 4477.9, 139.5, 2185, 108, 1668.2, 111.3, 3249.1, 118.9, 132, 120.2, 0.7, 5.2, 5.4
05, 5853.9, 138, 2926.7, 108, 2184.1, 108.8, 4043.7, 119.6, 133.7, 120.3, 0.3, 6.3, 5.6
06, 7146.4, 136.3, 3584.8, 108.8, 2626.7, 107.9, 4843.2, 119.6, 135.1, 120.4, -0.1, 8.1, 6
07, 8803.5, 135.1, 4435.5, 108.5, 3164.3, 112.9, 5704.1, 120.1, 136.1, 120, -0.3, 9.6, 6.5
08, 10296.7, 134.4, 4993.5, 108, 3623.9, 111.7, 6536.9, 120.6, 137.4, 120, 0, 10.2, 6.9
09, 12730.2, 134, 5880.4, 107.6, 4251.5, 116.4, 7416.2, 121.2, 138.5, 119.9, 0.9, 10.3, 7.3
10, 14761.8, 134.3, 7037.2, 111, 4750.1, 115, 8339.2, 121.9, 139.5, 119.8, 1.3, 11.2, 7.7
11, 16329.4, 134.4, 7605.8, 111.2, 5219.5, 115.2, 9223.2, 122.5, 140.4, 119.9, 1.3, 11.5, 8
12, 18746.2, 134.5, 7630, 111.8, 5963.6, 114.8, 9949.8, 123.4, 141.3, 119.8, 2.1, 11.4, 8.3
2007, 28360.5, 125, 114.4, 10576.1, 111.4, 7471.1899, 117.8, 14305.6, 140.3, 214, 142, 2.5, 19.636026926081, 16.7
01, 1647,0, 146.7, 100.1, 613.6, 106.2, 357.2, 103.5, 838.7, 129.9, 160.6, 126.3, 6.4, 17, 17
02, 3273.1, 141.7, 101.4, 1255.7, 106.6, 725.1, 113.9, 1825.7, 133, 161.4, 125.4, 1.5, 16.5, 16.7
03, 5145.4, 139.7, 102.1, 2005.8, 106.6, 1180, 112.3, 2924.4, 135.2, 163.7, 126.2, 1.2, 16.4, 16.6
04, 6884.2, 137.1, 101.9, 2746.5, 107.4, 1692.8, 109.6, 4008.9, 136.7, 166.1, 125.8, 0.4, 16, 16.5
05, 8763.2, 136.2, 100.6, 3572.1, 108, 2272.1, 109.9, 5017, 136.9, 168.6, 126.1, -0.3, 15.3, 16.2
06, 10672,4, 135.1, 100.5, 3688, 107.8, 2727.3, 110.6, 6001.3, 138.4, 170.7, 126.4, -0.5, 14.8, 16
07, 12739,7, 134.5, 101.1, 4458.3, 108.2, 3318.7, 111.3, 7026.1, 139.1, 173, 127.1, 0.1, 15.3, 15.9
08, 14816,4, 132.5, 101.2, 5176.2, 108.4, 3827.7, 111.6, 8089.2, 139.7, 175.5, 127.7, 0.8, 16.2, 15.9
09, 16608,0, 127.1, 100.8, 6301.5, 108.9, 4518.6, 115.1, 9115.3, 139.8, 177.6, 128.2, 1.1, 16.4, 16
10, 18739.6, 126.8, 103.1, 6762.8, 109.6, 5138.5, 116.6, 10603.2, 139.9, 186.8, 133.9, 1.9, 17.1, 16.085514044829
11, 20818,0, 125.4, 104.3, 7458.6, 109.9, 5746.2, 116.8, 12360.5, 139.7, 199, 141.7, 3.2, 19.2, 16.4
12, 28360.5, 125, 114.4, 10576.1, 111.3, 6774.8, 117.8, 14305.6, 140.3, 214, 142, 2.5, 19.636026926081, 16.7
2008, 40137.2, 110.8, 127.8, 15197.3, 115.9, 9944.1538, 134.3, 20058.2, 137.8, 268, 124.2, -0.4, 15.4, 20.8
01, 2286,0, 111.3, 115.7, 732.4, 109.6, 367.2, 105.1, 1218.7, 132.9, 230, 131.4, 2.5, 15.262619008513, 15.3
02, 4767,0, 113.4, 118.5, 1518.3, 110.1, 859.9, 120.5, 2625.5, 133, 231, 127.6, 2.2, 16.03353824499, 15.7
03, 8209.8, 113.8, 137.1, 2390.8, 111.3, 1409.2, 121.4, 4143.8, 133.1, 229.8, 126.5, 3.1, 18.3, 16.5
04, 11172.4, 115, 135.1, 3184, 111.53, 2031.7, 121.6, 5762, 134, 237.5, 123.2, 3.1, 21.440726859248, 17.8
05, 14308.6, 114.6, 133.9, 4047, 111.9, 2695.9, 121.7, 7380.8, 134.1, 242.7, 124.3, 2.3, 24.6, 19.2
06, 18505.7, 116.5, 131.9, 5694.6, 115.6, 3643.4, 131.9, 9041.2, 134.2, 250.4, 123.8, 0.127, 25.4, 20.2
07, 23017.1, 116.7, 130.6, 7308.6, 115, 4532.1, 134.2, 10860.6, 134.6, 253, 123.8, -0.3, 24.9, 20.9
08, 25891.9, 113.2, 127.8, 8627.1, 114.8, 5396.6, 136.6, 12709.5, 135.4, 255.3, 123.4, 0, 23.9, 21.3
09, 30370.4, 115, 132.7, 9853.2, 115.4, 6283, 138, 14557.9, 135.6, 256.9, 123.1, 0.9, 23.7, 21.5
10, 32542.4, 112.7, 126.7, 11098.8, 115.4, 7171.3, 138.4, 16504.2, 135.7, 260.2, 123.9, 0.8, 22.5, 21.6
11, 34660.6, 111.5, 121.8, 12206.2, 116.3, 7957.5, 138.8, 18176.8, 135.8, 265.1, 124.3, 0.1, 18.9, 21.4
12, 40137.2, 110.8, 127.8, 15197.3, 115.7, 9073.6, 134.3, 20058.2, 137.8, 268, 124.2, -0.4, 15.4, 20.8
2009, 35601.5, 109.3, 78.8, 16726, 103.7, 7724.9448, 81.3, 22396.1, 108, 298, 108.6, 0.8, 0.7268374609775492, 1.532503107893
01, 1860, 97.4, 83.5, 891.5, 102.8, 277.4, 75.4, 1434.7, 121.9, 291, 126.5, -0.6, 11.9, 11.9
02, 3859.3, 103.4, 66.9, 2079.7, 113.9, 1104.5, 127.2, 3069, 120.8, 292, 126.4, -0.7653781000000066, 8.7, 10.3
03, 6741.8, 104.1, 71.5, 3549.3, 113.7, 1638.9, 115.2, 4964, 121, 292, 126.5, -0.7000000000000028, 4.6372758575097635, 8.391848348058787
04, 8996.0, 104.3, 64.7, 4564.7, 108.4, 2159.1, 105.2, 6738, 120.3, 295.7, 124.5, -0.2, 1.3, 6.6
05, 11366.1, 104.4, 63.9, 5392.2, 106.6, 2698.6, 100.4, 8584.2, 118.5, 296.5, 122.2, -0.2, -1.2, 4.9
06, 14287.7, 103.6, 64.6, 6713.7, 104.1, 3374.9, 92.9, 10584.2, 116.2, 298, 119, -0.6, -1.8799988929116864, 3.7
07, 17336,5, 102.7, 65.5, 8315.7, 103.6, 4082.5, 90.3, 12530.5, 113.6, 298, 117.8, 0.8, -0.8211529274255582, 3.1
08, 20628,0, 105, 68.2, 9502.1, 101.5, 4562.5, 84.7, 14583.5, 112.6, 298, 116.7, 0.1, -0.6934418486409726, 2.6
09, 23427.1, 106.1, 68.7, 10676.6, 100.8, 5199.4, 82.9, 16082.6, 109.8, 296.6, 115.5, 0.4, -1.536024194061568, 2.1
10, 26647.5, 108.3, 71.5, 12029.3, 101.1, 5922.7, 82.8, 18073.9, 107.8, 296.3, 113.9, 0.3524231, -1.7, 1.7
11, 29654.2, 109, 74.5, 13227.9, 101, 6444.4, 81.2, 19816.2, 107.6, 296, 111.7, 1.2983885, -0.5363447007449196, 1.532503107893
12, 35601.5, 109.3, 78.8, 16726, 103.2, 7358.7, 81.3, 22396.1, 108, 298, 108.6, 0.8, 0.7268374609775492, 1.532503107893
2010, 42465, 105, 111.3, 19179, 107.7, 9905.6658, 121.2, 25605.6, 113.3, 331.5, 111.24161073825502, 1.4, 7.932006316825, 5.7
01, 3212, 109.2, 140.4, 1147.5, 104.7, 401.3, 105.6, 1526.9, 106.4, 296.9, 102, 0.5, 1.8, 1.8
02, 6128, 105.6, 137.9, 2236.4, 104.2, 1076.7, 102.4, 3201, 104.3, 298.2, 102.1, 1.1, 3.741237495122, 2.8
03, 9551.6, 105.4, 134.3, 3613.2, 104.3, 1636.8, 104.9, 5183.8, 106.5, 304, 104.1, 1.3, 5.8, 3.8
04, 12984.9, 105, 130.7, 4931.7, 105, 2291.3, 105.5, 7320, 108.6, 309.8, 104.8, 0, 6, 4.4
05, 16533.9, 104.3, 129.7, 6392.4, 104.9, 3021.3, 111.3, 9403.1, 109.5, 313.9, 105.9, -0.2, 6.1, 4.7
06, 19680, 103.7, 125.2, 7865, 104.7, 3766.9, 110.9, 11483.7, 109.7, 315.2, 105, -0.6197248000000002, 6.062452538594, 4.9
07, 23154.7, 103.5, 120.3, 9674.1, 104.2, 4567.4, 111.2, 13604, 109.3, 316.3, 105.3, -0.2, 5, 4.9
08, 26189.6, 103.8, 116.8, 10964.9, 104.5, 5218.1, 111.3, 15832.8, 111, 317.4, 105.7, 0.6999626, 5.7, 5.033651516165
09, 29308, 104.1, 115.6, 12394.8, 105.2, 6157.8, 115.2, 17979.2, 111.3, 319.1, 106.6, 0.9, 6.3, 5.2
10, 32499.5, 104.1, 113.9, 13732.4, 105.4, 7057.8, 114.8, 20290.2, 111.7, 320, 107.2, 0.9, 6.9, 5.3
11, 36575.4, 104.5, 113.8, 15506.9, 105.9, 7704.5, 115.2, 22678.4, 112, 321.2, 107.7, 1.7737821000000054, 7.366450808681, 5.527390410604994
12, 42465, 105, 111.3, 19179, 107.9, 9715.2, 121.2, 25605.6, 113.3, 325, 109.1, 1.4, 7.932006316825, 5.7
2011, 52082, 100.1, 117.8, 23196.1, 109.4, 12799.1, 127.3, 30524.6, 119.6, 364.2, 109.86425339366515, 0.9, =+N114, 7.9
01, 3442.5, 100.8, 109.1, 1412.8, 106.6, 432, 101.7, 1910.7, 114.3, 325.1, 109.5, 0.8, 8.317732488161, 8.3
02, 6711.5, 101.4, 110.2, 2747.2, 103.8, 1120.3, 98.3, 4158.4, 114.5, 332.3, 111.4, 2.2, 9.543647989272586, 8.9
03, 10421.1, 101.6, 111, 4448.3, 105.6, 1775.8, 102.5, 6496.5, 116.8, 339.6, 111.7, 1.1, 9.3032358668667, 9.054872114767
04, 13714.9, 100.8, 109.6, 5792.5, 106.2, 2589.2, 112, 8858.9, 116, 348.6, 112.5, -0.29999999999999716, 8.9344735259792, 9
05, 17596.6, 100.8, 109.3, 7549.6, 106.6, 3415.7, 112.1, 11192.5, 116.5, 349.6, 111.4, -0.4, 8.622987992679086, 8.9
06, 22516.5, 100.9, 112.5, 9795.1, 107.2, 4476.6, 117.8, 13489.2, 117, 351.3, 110.7, -0.9028165000000001, 8.313567775558099, 8.839274273086076
07, 26502.3, 101.1, 111.3, 11859.9, 108.5, 5491.5, 119.1, 16337.5, 117.3, 352.7, 110.3, -0.8, 7.6559338364420455, 8.7
08, 30868.8, 101.1, 111.8, 13806.7, 108.5, 6398.4, 121.4, 19030.2, 118.5, 353.7, 109.8, 0.6, 7.597918171130402, 8.5
09, 34583.1, 100.5, 111.4, 15544.7, 108.2, 7576.7, 121.9, 21776.3, 119.2, 354.5, 109.5, 1.1, 7.742877029217254, 8.4
10, 40690, 100.3, 117.7, 17463.1, 108.5, 8649.3, 121.7, 24538.6, 119, 355.1, 109, 0, 6.794492572437875, 8.3
11, 45476.6, 100.2, 118.8, 19512.7, 109.5, 10017.2, 128.3, 27277.9, 119.2, 355.7, 108.7, 1.1, 6.036984059539407, 8
12, 52082, 100.1, 117.8, 23196.1, 109.4, 12776.4, 127.3, 30524.6, 119.6, 356.6, 108.3, 0.9, 5.5911934944952435, 7.9
2012, 54743.7, 102.2, 101.5, 26864.4, 109.7, 15407.3, 118, 34769.5, 113.8, 396, 108.73146622734762, 0.7, =+N127, 1.1
01, 4091.2, 101.2, 105.2, 1598.7, 105.9, 459.4, 104.8, 2062.4, 114.8, 363.1, 109.5, 0.1, 4.803886361388308, 4.8
02, 8001.9, 100.5, 106.2, 3012.3, 107.1, 1196.4, 105.2, 4543.7, 113.6, 368.4, 108.5, 0.1, 2.657724631819775, 3.7
03, 12289.1, 100.5, 109.3, 4427.8, 107.7, 2099.4, 116.5, 7231.6, 113.9, 380.6, 108.5, 0.3, 1.8471878022345578, 3.1
04, 16625, 100.3, 106.7, 6365.9, 109.5, 3724.9, 124, 9761.1, 114.1, 378.9, 108.7, -0.4, 1.7452354030001942, 2.7
05, 20852, 100.7, 103.9, 8371.8, 110.6, 4473.4, 128.3, 12358.7, 114.6, 379.1, 108.4, -0.9053353000000044, 1.2682515865845687, 2.4644571570054694
06, 25861.3, 101.5, 102, 11287.7, 111.3, 5924.9, 129.6, 15099.8, 114.2, 386.2, 108.8, -1.2999999999999972, 0.8278421440450927, 2.2
07, 30783.1, 101.6, 101.5, 13901.3, 110.5, 7126, 127.2, 18231.8, 113.9, 384.5, 108.3, -0.6946102999999937, 0.9055510527856683, 2.007954140265454
08, 35136.4, 101.3, 101.1, 15998.3, 110.6, 8383.9, 128.4, 21365, 113.4, 386, 108.4, -0.46625629999999774, -0.20927167823850823, 1.7
09, 39760.6, 101.1, 101, 18318.3, 110.2, 9850.6, 127.4, 24228.4, 113.6, 390, 109.1, 0.6075481000000025, -0.6768478239869467, 1.5
10, 44218, 101, 101.3, 20527, 110.3, 11135.8, 126.8, 27128.5, 113.7, 388.2, 108.6, 0.7, 0.022047056546114163, 1.3
11, 48189.4, 101.2, 100.8, 22544.9, 109.7, 12615.1, 124, 29906, 113.7, 390.2, 109, 1, 0.0016846107608046168, 1.2
12, 54743.7, 102.2, 101.5, 26864.4, 109.6, 15407.3, 118, 34769.5, 113.8, 396, 108.7, 0.7, -0.26192629669733947, 1.1
2013, 58182, 105.8, 99.6, 30525.9, 109.9, 17850.8, 115.1, 37562, 108, 420.5, 106.18686868686868, 1.9, =+N140, 2.4
01, 4474.3, 102.8, 98, 1913.2, 108.7, 617.7, 132.4, 2273.8, 105.3, 398.4, 107.70478507704786, 1.2, 0.806430133532146, 0.8
02, 8344.6, 103.2, 97.7, 3619.1, 110.5, 1680.1, 138.3, 4785.5, 105.8, 397.4, 107.40540540540539, 0.5, 1.1658308089038627, 1
03, 12946.6, 103.1, 97.3, 5981.2, 111.4, 2902.2, 136.1, 7736.7, 105.9, 405.1, 106.43720441408303, 0.6, 1.476538238221707, 1.2
04, 17230.5, 103.5, 97.9, 8079, 110.8, 4252.7, 128.4, 10259.7, 106.3, 407.2, 106.9327731092437, 0.4, 2.3409022271319913, 1.4
05, 22119.3, 104.5, 98.3, 10639.3, 110.9, 5762.6, 127.4, 12992.5, 106.8, 409.3, 106.81106471816284, -0.4000000000000057, 2.905141096451729, 1.7
06, 27202, 105, 98.4, 13465.3, 110.9, 7361.8, 122.9, 15830.7, 107.1, 411.3, 106.49922320041429, -1.1490586000000036, 3.09780282436148, 1.959380706521003
07, 32296.7, 105, 98.6, 16251.4, 110.4, 8798.8, 123.3, 18914.4, 107.2, 413.1, 106.52398143372872, -0.7000000000000028, 3.0644703002497664, 2.1
08, 37419.8, 105.2, 99.2, 18934.6, 110.3, 10378.8, 122.7, 22033.3, 107.4, 414.1, 106.3977389516958, -0.29999999999999716, 3.208524428262976, 2.2
09, 42748, 105.4, 99.6, 21946.3, 110.3, 11826.5, 119, 25393.6, 107.6, 415.3, 106.48717948717949, 0.1, 2.659813978914542, 2.3
10, 47564.6, 105.7, 99.2, 24584.9, 109.8, 13 089.9, 116.6, 29064.2, 107.7, 416.6, 106.30262822148508, 0.7, 2.593196485976705, 2.3
11, 52072.3, 105.7, 99.2, 26857.9, 109.5, 14592.3, 114.8, 32257.9, 107.9, 417.3, 106.15619435258203, 0.6945062000000064, 2.251181741631953, 2.3
12, 58182, 105.8, 99.6, 30525.9, 109.9, 17850.8, 115.1, 37562, 108, 420.5, 106.18686868686868, 1.9, 3.538858716658993, 2.4
2014, 59014.1, 102.8, 98.7, 33195.9, 107, 17618.6, 98.3, 39472.2, 104.8, 444.3, 105.65992865636147, 0.5, =+N153, 1.4
01, 4359, 100.8, 99.3, 2122, 107.7, 660.9, 106.3, 2618.2, 103.8, 426.2, 106.97791164658635, -0.20000000000000284, 2.175162592145938, 2.2
02, 8462.4, 101.6, 100, 4096, 108.8, 1824.6, 107.9, 5636, 104.1, 426.3, 107.2722697533971, 0.4, 2.043626547909767, 2.1
03, 13150.7, 102.5, 99.1, 6561.9, 108.8, 3125.9, 107, 9081.8, 104.5, 434.2, 107.18341150333251, 0.3, 1.712051681075, 2
04, 18206.3, 103.2, 100.7, 9165.6, 108.9, 4627.9, 108.6, 12096.8, 104.6, 436.6, 107.22003929273085, 0.2, 1.4769071858735856, 1.9
05, 23444.8, 102.8, 101.9, 11876.9, 108.3, 6121.2, 106, 15042.4, 104.4, 438.1, 107.03640361592963, -0.7999999999999972, 1.0256307776752749, 1.7
06, 28743, 102.1, 102.3, 14800.3, 107, 7625.9, 103.4, 17780.6, 104.7, 439.7, 106.90493557014345, -1.2, 0.9526589783075252, 1.6
07, 33994.8, 102.4, 101.8, 17692.5, 106.7, 9075.5, 103, 21019.3, 104.7, 440.7, 106.68119099491649, -0.794841599999998, 0.8833816302737034, 1,5
08, 39171.6, 102.4, 101.3, 20577.9, 106.2, 10445.3, 100.5, 24044.8, 105.1, 440.8, 106.44771794252597, 0, 1.2056141591850746, 1.4
09, 44145.4, 102.5, 100.7, 23426.5, 105.9, 11868.5, 100.2, 27168.6, 105.4, 441.5, 106.30869251143751, 1.1, 2.2896428408786846, 1.5
10, 49225.2, 102.8, 100.2, 26487.8, 106.4, 13219.8, 100.6, 30377.2, 105.4, 441.8, 106.04896783485358, 0.3, 1.9019852360609377, 1.6
11, 53743.6, 102.2, 99.6, 29445.1, 106.4, 14693.1, 100.3, 33627.9, 104.7, 442, 105.91900311526479, 0.1, 1.2943249160121297, 1.5
12, 59014.1, 102.8, 98.7, 33195.9, 106.9, 17618.6, 98.3, 39472.2, 104.8, 444.3, 105.65992865636147, 0.5, -0.09690627525634454, 1.4
2015, 54380, 101.1, 91.1, 34138.8, 101.1, 15957, 88.9, 41744.8, 105.7, 464.4, 104.52397029034435, 4.353286600000004, =+N166, 4.009438399999993
01, 3631.7, 104.4, 78.6, 2258.3, 105.5, 682.7, 102.9, 2680.9, 105.5, 444.4, 104.27029563585171, 0.2, 0.2, 0.2
02, 7113.6, 104.2, 80.5, 4238.2, 105.1, 1697.5, 100, 5859.4, 105, 444.5, 104.26929392446634, 4, 3.8880293419652645, 2
03, 11525, 105.3, 82.1, 7091, 106.9, 3232.8, 103, 9455.9, 105.3, 449.5, 103.52372178719484, 0.9, 4.52591237559345, 2.8
04, 16639, 105.5, 84.7, 9792.2, 106.7, 4868.6, 103.5, 12649.3, 105.7, 452.3, 103.59596885020615, -0.2, 4.106046138223547, 3.1
05, 21344.3, 105.3, 86.5, 12801, 107.6, 6416.3, 103.7, 16163.1, 105.8, 454.8, 103.81191508787948, -0.6, 4.318152017818221, 3.4
06, 26265.1, 105.7, 87.5, 16009.9, 109.2, 7925.6, 103.7, 19826.3, 106.2, 456.3, 103.77530134182398, -1.1, 4.40271981475091, 3.5
07, 32057.5, 105.6, 88.8, 19926.9, 109, 9368.5, 103.5, 23606.1, 106.4, 458.1, 103.94826412525529, -0.7, 4.473477499333356, 3.7
08, 36027.6, 104.2, 88.4, 22589.2, 107.4, 10550.1, 101.7, 26674.7, 105.9, 459.4, 104.2196007259528, -0.1, 4.364780863648903, 3.8
09, 40678.4, 103.7, 88.2, 25872.1, 106.4, 11831.2, 100.5, 30122.8, 105.8, 459.7, 104.12231030577577, 0.3, 3.4919142783413264, 3.7
10, 45934.8, 103.3, 89.4, 29315.3, 105.2, 13078.1, 98.1, 33518.7, 105.7, 460.5, 104.23268447261205, 0.1, 3.3246235714315304, 3.7
11, 50057.5, 103.1, 89.9, 31885.7, 104, 14438.8, 97.6, 36770.2, 105.7, 460.5, 104.18552036199095, 0.38944680000000176, 3.6295582463055354, 3.681657400000006
12, 54380, 101.1, 91.1, 34138.8, 101.1, 15957, 88.9, 41744.8, 105.7, 464.4, 104.52397029034435, 4.353286600000004, 7.5682791363655895, 4.009438399999993
2016, 60425.2, 96.9, 114.7, 35951.1, 95.6, 15772.8258, 78.3, 45395.1, 108.7, 498.6, 107.36434108527133, 3, =+N179, 12.4
01, 4011.2, 96.7, 115.8, 2445.4, 96.3, 880.7, 100, 3080.6, 112.1, 478, 107.56075607560756, 5.8, 13.60210270932258, 13.6
02, 7888.7, 96.8, 117.5, 4538.9, 94.5, 1834.9, 68.9, 6459.3, 110.2, 470.2, 105.78177727784026, 0.4, 9.726303303677383, 11.7
03, 12588.7, 96.5, 113.1, 7387.3, 94.3, 2876.8, 65.8, 10303.5, 109, 484.4, 107.76418242491657, 0.4, 9.170214094142295, 10.8
04, 16867.9, 95.5, 110.9, 9859.5, 93.2, 4291.3, 68.9, 13789.5, 109, 486.3, 107.51713464514702, 0.2, 9.609686877446606, 10.5
05, 21512.8, 95.8, 110.3, 12502.6, 93, 5388.8, 66.9, 17511.6, 108.3, 488.4, 107.38786279683377, -0.1, 10.137774218977498, 10.4
06, 27002.3, 96.6, 109.3, 16004.2, 94, 6769.6, 69.6, 21493.9, 108.4, 488.1, 106.9690992767916, -0.5, 10.889517453387484, 10.5
07, 32122.6, 97, 110.3, 18957.7, 94.7, 7959.7, 70.3, 25682.7, 108.5, 489.3, 106.81074001309759, -0.3, 11.377210236314667, 10.6
08, 38027.8, 96.9, 111.8, 22795.9, 94.3, 8999.1, 69.3, 28972.4, 108.6, 488.7, 106.37788419677841, 0.5, 12.084881359380901, 10.8
09, 43436.3, 96.1, 112.9, 25988.6, 94, 10268.7, 69.6, 32762.5, 108.7, 490.5, 106.70002175331739, 2.3, 14.287619839830484, 11.2
10, 49223.4, 96.3, 113.8, 29471.3, 94.5, 11889.2, 73.7, 36635.8, 108.7, 493.8, 107.23127035830619, 1.3, 15.663054964385154, 11.6
11, 54433.1, 96.1, 114.7, 32675.9, 94.4, 13009.1, 72, 40028.5, 108.9, 494.3, 107.3398479913138, 1.7, 17.134583784143913, 12.1
12, 60425.2, 96.9, 114.7, 35951.1, 95.6, 15772.8258, 78.3, 45395.1, 108.7, 498.6, 107.36434108527133, 3, 15.663170556703562, 12.4
2017, 70337.8, 100.2, 116, 40328, 102.8, 17430.3395, 102.8, 49187.9, 108.3, 528.2, 105.93662254312075, 0.45967969999999525, =+N192, 12.9
01, 5233.1, 100.8, 128.1, 2673.2, 101.5, 954.2, 97.9, 3476.1, 104.6, 504.8, 105.60669456066947, 2.3, 11.860488592820701, 11.9
02, 10042.6, 100.4, 127.9, 5172.2, 102.3, 2093.7, 105.7, 6980.3, 104.7, 499.9, 106.31646108039132, 1.6, 13.172427610827782, 12.5
03, 15229.7, 99.1, 129.2, 7782.1, 102.4, 3182.3, 103, 11362.1, 106.7, 514.3, 106.17258464079273, 1.6, 14.505859935056222, 13.2
04, 20381.3, 98.8, 123.6, 10614.3, 101.9, 4533.4, 96.5, 14655.6, 106.8, 520.5, 107.03269586674892, 0.2, 14.56180522257317, 13.5
05, 25338.7, 99.1, 121.4, 13534.3, 102.3, 5671.7, 96.8, 18613.9, 107.3, 520.1, 106.4905814905815, 0.2, 14.89688510897777, 13.8
06, 31310.6, 98.7, 119.1, 17275.7, 101.7, 7138.6, 97.1, 23526.7, 107.3, 522, 106.94529809465274, -1.0350633999999985, 14.239548719996492, 13.8762689
07, 37645.4, 99, 117.8, 21158.6, 102.2, 8728.8, 99.7, 27716.9, 107.5, 523.1, 106.90782750868588, 0.1, 14.700161704856086, 14
08, 43713.2, 98.9, 117.5, 24941.7, 102.4, 9868.5, 100.1, 31770.8, 107.6, 524.7, 107.36648250460405, 0.2, 14.332008388406337, 14
09, 50067.3, 99.4, 118, 28408.7, 102.5, 11090.8, 99, 36247, 108, 525.6, 107.1559633027523, 0.7294181999999978, 12.61001732620781, 13.9
10, 56481.5, 99.3, 117.2, 32159.6, 102.1, 12536.5, 97, 40190.7, 108.2, 525.4, 106.39935196435803, 1.1, 12.343312198847144, 13.7
11, 63071.3, 99.8, 116.7, 35696.8, 102.4, 13688.4, 97.2, 43389.9, 108.2, 525, 106.21080315597816, 0.2, 10.701773913389928, 13.4
12, 70337.8, 100.2, 116, 40328, 102.7, 17430.3395, 102.8, 49187.9, 108.3, 528.2, 105.93662254312075, 0.45967969999999525, 7.927044234679158, 12.9
2018, 80092, 101.5, 111.5, 41662, 102, 17244.8629, 95.7, 53103.7, 109.2, 544.1, 103, 0.8, =+N205, 2.3
01, 5816.9, 102, 110.7, 2948.2, 103.9, 960.3, 94.5, 3882.3, 111.7, 519.8, 102.9714738510301, 0, 5.49433661208225, 5.5
02, 11311.3, 101.3, 111, 5696.2, 102.3, 1824.7, 81.8, 7700.3, 110.2, 510.8, 102.18043608721746, 0.2, 3.9702872524136694, 4.7
03, 17654, 102.3, 109.9, 8549, 102.9, 2869.2, 84.7, 12533.3, 109.8, 532.4, 103.51934668481431, 0.2, 2.5496058957475327, 4
04, 23083.5, 101.2, 111.3, 11299.2, 102.1, 4160.1, 88.9, 16272.8, 109.2, 538.8, 103.51585014409221, -0.204085800000001, 2.0966545719999488, 3.5094799999999964
05, 29762.9, 101.1, 113.6, 14271.2, 101.9, 5240.8, 89.5, 20753.7, 109.3, 541, 104.0184579888483, 0, 1.8889306371097803, 3.2
06, 36897.5, 101.3, 114.8, 18270.3, 102.1, 6331.7, 85.9, 25705.2, 109.3, 541.1, 103.7, -0.7, 2.276936473403566, 3
07, 43667.9, 100.2, 115.2, 21492.6, 101, 7457.3, 82.1, 30331, 109.4, 542.3, 103.7, -0.6, 1.5597100856908952, 2.819826599999999
08, 50345.8, 100.7, 115, 25325.2, 100.9, 8953.6, 87.2, 34786.3, 109.5, 541.2, 103.1, 0.863519299999993, 2.233033121807921, 2.746203600000001
09, 57766.2, 100.8, 114.9, 29147.8, 101.1, 10148.7, 88.5, 39690.3, 109.5, 540.5, 102.8, 0.24849059999999668, 1.7449265871074715, 2.6338587000000047
10, 65106.8, 100.8, 114.5, 33014.9, 101.1, 11482.7, 88.7, 43871.5, 109.2, 540, 102.8, 0.16350239999999872, 0.7994704773554417, 2.4469679999999983
11, 72432.1, 101, 114, 36925.3, 101.4, 12899.4, 91.2, 47368.8, 109.2, 540.1, 102.9, 0.6, 1.2023098669190944, 2.3
12, 80092, 101.5, 111.5, 41662, 102, 17244.8629, 95.7, 53103.7, 109.2, 544.1, 103, 0.8, 1.5307219797211928, 2.3
2019, 81896.2, 102.5, 99.8, 44481.8, 104, 18539.4765, 105.5, 56769, 107.4, 634.8, 116.6, 0.5363739, =+N218, 2.6083398
01, 5929.5, 102.9, 99, 3103.4, 102.7, 868.7, 87.5, 3800, 106.1, 557.2, 107.2, 0.2, 1.70947518783737, 1.7
02, 11484.5, 103, 98.6, 5807.9, 101.4, 1711.2, 90.7, 7619.7, 105.1, 554.9, 108.6, 0.5638778000000002, 2.1250773530578186, 1.9174368999999984
03, 18111.7, 103, 99.6, 9140, 101.7, 2699.7, 91, 12590.6, 105.5, 577.6, 108.5, 0.6068041000000051, 2.532794775407581, 2.1229443999999944
04, 23813.4, 102.1, 101.1, 11855.8, 102.1, 3916, 91.9, 17072, 105.5, 581.2, 107.9, 0.38392530000000136, 3.1369319480089928, 2.3764124000000066
05, 30608.7, 102.2, 100.7, 15252.1, 102.4, 5038.7, 93.9, 22164.1, 106.8, 583.7, 107.9, -0.43077370000000315, 2.7263124863917483, 2.446367699999996
06, 37825.2, 102.4, 100.1, 19454.1, 103.3, 6131.6, 94.6, 27355.8, 106.6, 585.2, 108.2, -0.5, 2.9239489797076317, 2.5
07, 44473.1, 102.5, 99.4, 23079.8, 103, 7395.5, 97.3, 32218.8, 106.6, 587.7, 108.4, 0.054304000000001906, 3.5920883790815594, 2.7
08, 50875.7, 102.4, 98.7, 26588.5, 103.1, 8627.2, 94.6, 36861.6, 106.4, 589.3, 108.9, -0.31973089999999615, 2.3768287872722738, 2.638955899999999
09, 58464.2, 102.5, 98.8, 31141.9, 103.5, 10146.2, 98.1, 42202.7, 106.7, 603.5, 111.7, 0.346839, 2.4772651853471217, 2.6209711
10, 65415.1, 102.1, 98.4, 35177, 103.6, 11407.4, 97.4, 46705.8, 106.9, 614.2, 113.7, 0.4167699, 2.736383128893877, 2.6325404
11, 72852.2, 102.1, 99.1, 39470.4, 103.5, 12786.9, 97.2, 50845.1, 107.4, 623.1, 115.4, 0.4638416, 2.6162126579531275, 2.6310449
12, 81896.2, 102.5, 99.8, 44481.8, 104, 18539.4765, 105,5, 56769, 107.4, 634.8, 116.6, 0.5363739, 2.3623765746619227, 2.6083398
2020, 72578.1, 95.8, 92.4, 45312.2, 97.1, 17226.1107, 92.7, 55754.1, 98.2, 707.3, 111.4, 0.7911594, =+N231, 2.7598847
01, 6646.9, 102.4, 102.3, 3381.9, 104.8, 996.7, 112.6, 4057.5, 106.8, 712.1, 127.8, 0.6, 2.7459699081494193, 2.7
02, 12504, 102.8, 102.3, 6600.1, 106.7, 1965.2, 112.7, 8301.5, 108.9, 712.3, 128.4, 0.7065316000000053, 2.8917190912828943, 2.8187254999999993
03, 17928.1, 101.1, 98.1, 10077.9, 103.5, 2929.4, 106.5, 13442.5, 106.8, 744.5, 128.9, 0.9776612, 3.270998851708228, 2.970265699999999
04, 22674, 100.2, 92.2, 12610.4, 99.2, 3903.5, 99.5, 17145.7, 101.3, 736.2, 126.7, 0.08550130000000422, 2.963992082753748, 2.968604099999993
05, 27640.6, 98.3, 91.2, 15796.5, 97.9, 4907.6, 97.2, 22382.1, 101.3, 728.9, 124.9, -0.5161700000000025, 2.875684236204833, 2.949911
06, 34378.7, 97.3, 90.4, 20155, 97.6, 5956.2, 97.3, 27377.8, 100.6, 720, 123, -0.3298903000000024, 3.0174684472909803, 2.9610950000000003
07, 40325.2, 97.2, 91.2, 24082.9, 98.5, 7588.3, 102.6, 32144.8, 100.2, 715.4, 121.7, -0.27575589999999295, 2.67763363784627, 2.9206022000000047
08, 46113.2, 97, 91.4, 27634.4, 98.4, 8682.4, 100.7, 36809.4, 100.1, 710.2, 120.5, -0.1802016999999978, 2.821358451279579, 2.9082039000000037
09, 52344.3, 96.1, 91.7, 31778, 97.7, 10430.2, 96.2, 41609, 99.1, 706.6, 117.1, 0.10774539999999888, 2.5763688831577127, 2.871309800000006
10, 58454.4, 96.2, 92.3, 36031, 97.7, 11540.2, 97.9, 46056.8, 98.6, 704.5, 114.7, 0.16727899999999352, 2.3215123425930386, 2.816108099999994
11, 64441.3, 95.7, 92.5, 39926.9, 97.2, 12716.6, 96, 50173.1, 98.7, 703.5, 112.9, 0.493829899999994, 2.3520551544118575, 2.7735814
12, 72578.1, 95.8, 92.5, 45312.2, 97.1, 17226.1107, 92.7, 55754.1, 98.2, 707.3, 111.4, 0.7911594, 2.611442066202457, 2.7598847
2021, 93203.2, 105.6, 121.3, 51122.2, 107.1, 16815.459, 95.5, 57206.8, 102.6, 732.1, 103.4, 1.5861479999999943, =+N244, 6.650326899999996
01, 6256.8, 97.5, 96.5, 3444.7, 100.1, 724, 72.5, 4011.2, 98.7, 690.9, 97, 1.1999966000000057, 3.258279089158748, 3.2582790999999958
02, 12419.7, 96.8, 99.3, 6611.4, 99.6, 1338.4, 68, 7979.9, 95.8, 692.3, 97.2, 1.6311450000000036, 4.2063207602391515, 3.733968599999997
03, 19181.9, 98.7, 106.9, 10413.3, 102.1, 2365.2, 80.6, 13455.9, 98.9, 713.2, 95.8, 0.8563055999999989, 4.081084936499835, 3.850697800000006
04, 25119.8, 99.8, 110.8, 13638.4, 104.1, 3752.8, 91.3, 17037.9, 98.9, 722.3, 98.1, 0.3125809000000004, 4.317229940800729, 3.968178199999997
05, 32126.2, 100.8, 113.1, 17321.8, 104.5, 4907, 94.7, 22090, 99.2, 724, 99.3, 0.04671980000000531, 4.907467617596367, 4.156346499999998
06, 40763.7, 102.1, 113.7, 22467.5, 105.1, 5919.4, 92.4, 27580.7, 100.4, 724.4, 100.6, -0.4921487000000013, 4.736683037395579, 4.252936099999999
07, 48103.7, 102.7, 114.1, 26511.9, 105.3, 7059.3, 87.9, 32321, 100.6, 728.5, 101.8, 0.9167350999999968, 5.9891122036342495, 4.500082500000005
08, 55576.7, 103.6, 114.6, 30574.3, 105.7, 8259.4, 89.9, 37170.4, 101.2, 725.6, 102.2, 0.4657703999999967, 6.67500829392236, 4.770677500000005
09, 63889, 104.8, 114.7, 35352, 106.2, 9560.2, 91.3, 42251.7, 102, 723.2, 102.3, 1.8156395999999972, 8.4949436767658, 5.183159399999994
10, 72407.8, 104.9, 116.7, 39913.3, 105.9, 10568.5, 88.5, 47259.8, 102.4, 722.9, 102.6, 1.574101799999994, 10.01872631290179, 5.666047800000001
11, 81100.7, 105.3, 118.9, 44419.7, 106.4, 11708.1, 88.8, 51619.3, 102.5, 724.1, 102.9, 1.4770500999999996, 11.095137015894778, 6.161193400000002
12, 93203.2, 105.6, 121.6, 51122.2, 107.1, 16815.459, 95.5, 57206.8, 102.6, 732.1, 103.4, 1.5861479999999943, 11.97139806863818, 6.650326899999996
2022, 133972.7, 104.7, 137.3, 61509.1, 109, 17878.1651, 103.3, 69163, 120.9, 839.4, 114.7, 0.9582556000000011, =+N257, 13.852259099999998
01, 9283.5, 105.8, 139.5, 4085.8, 108.7, 658.1, 88.9, 4675.9, 115.5, 765.9, 110.9, 1.6459641, 12.464832911976657, 12.4648329
02, 18742.8, 106.7, 144.7, 8093.6, 110.1, 1339.7, 97.9, 9273.2, 115.6, 768.3, 111, 1.0978858000000002, 11.874729289442683, 12.167394200000004
03, 29676.7, 106.8, 146.7, 13080.5, 110.3, 2440.7, 90.5, 16043.8, 119.2, 809, 113.4, 1.1043106999999992, 12.149828632610578, 12.161474100000007
04, 39859, 107.2, 146.9, 16870.8, 111.3, 3678, 94.7, 20480.9, 119.6, 824.7, 114.2, 1.0396510000000063, 12.962695636802053, 12.363912200000001
05, 51073.9, 107.2, 147.8, 21730.4, 111, 4915.5, 96.8, 26422.4, 119.6, 825.3, 114, 0.7369601999999986, 13.742045688230945, 12.641985300000002
06, 63389.6, 106.2, 146.4, 27965.8, 109.4, 6299.6, 100.7, 33017.4, 119.6, 827.1, 114.2, -0.10657299999999736, 14.182776427692417, 12.899620100000007
07, 74910.1, 106.2, 145.2, 32909.3, 109.9, 7301.700000000001, 100.1, 38806.6, 120.1, 831.3, 114.1, 0.4771906999999942, 13.685451579583585, 13.013077999999993
08, 85691.4, 105.8, 144.3, 37985.1, 110.2, 9117, 106.9, 44491.2, 120, 829, 114.3, 0.8910388999999981, 14.1666785813035, 13.159212800000006
09, 98193.8, 105.6, 145.4, 43951.5, 110, 10154.400000000001, 104.6, 50990.6, 120.3, 827.4, 114.4, 3.112397599999994, 15.620743539942069, 13.440424100000001
10, 111474.6, 105.2, 145.7, 49104.9, 109.6, 11774.5, 108.2, 56860.8, 120.4, 827.9, 114.5, 1.5513487000000055, 15.59484392288202, 13.664430699999997
11, 121984.7, 104.8, 142.9, 54052.2, 109.099999999999, 13053.600000000002, 108.2, 62238.7, 120.5, 829.9, 114.6, 1.037228600000006, 15.093833126881108, 13.8
12, 133972.7, 104.7, 137.3, 61509.1, 109, 17878.1651, 103.3, 69163, 120.9, 839.4, 114.7, 0.9582556000000011, 14.382451264983615, 13.852259099999998
2023, 123128.4, 101.4, 90.6, 69482.8, 104.5, 21310.7055, 115.2, 78050.2, 112.8, 933.8, 111.2, 0.5007876000000095, =+N270, 8.785430500000004
01, 9727.7, 98.5, 105.9, 4272.2, 101.7, 1091.7, 161.2, 5378.4, 115, 856.2, 111.8, 0.9801956, 13.633260348459956, 13.6332604
02, 19724.7, 100.4, 105.3, 9052.2, 104.599999999999, 2206.9, 160.1, 10688.5, 115.3, 854.5, 111.2, 1.483199600000006, 14.066350150534277, 13.8509875
03, 30360.3, 100.4, 101.7, 14498.6, 104.8, 3523.1000000000004, 140.3, 18482.9, 115.2, 901.3, 111.4, 0.6939016999999978, 13.603324821793962, 13.7675267
04, 39480, 100.1, 100.299999999999, 19170.5, 103.099999999999, 4580, 121.1, 23570.6, 115.1, 913.9, 110.8, 0.3070758000000069, 12.779658295055938, 13.5166
05, 49384.7, 100.7, 96.4, 24747.1, 104, 5858.2, 115.9, 30297.9, 114.7, 916.8, 111.1, -0.3830454000000003, 11.525760533938595, 13.110975100000005
06, 60413, 100.5, 94.7, 31265.4, 103.1, 7148.3, 110.4, 37879.5, 114.7, 921.9, 111.5, -0.9000089000000031, 10.639931057065908, 12.693097199999997
07, 70303.8, 100.7, 93.3, 37224.9, 103.4, 9114.9, 120.8, 44559.4, 114.8, 925.3, 111.3, -0.6533873999999997, 9.395000917527014, 12.2
08, 80162.2, 100.8, 92.7, 42591.1, 102.6, 10864.8, 115.4, 50861.1, 114.3, 923, 111.3, -0.4034168999999963, 7.991437281225728, 11.7
09, 91489.4, 100.8, 91.7, 48915.3, 103, 12728.9, 121.3, 58020.1, 113.8, 919.8, 111.2, 0.3, 5.055839855280865, 10.903757
10, 101327.7, 100.5, 90.1, 54711.9, 103.1, 14258, 117.1, 64346.6, 113.2, 921.1, 111.3, 0.40862479999999834, 3.873681069858435, 10.160388100000006
11, 110933.4, 100.8, 89.6, 59870, 103.2, 15725.9, 116.5, 70223.5, 112.8, 923.1, 111.2, -0.18714760000000297, 2.6149325405235118, 9.43205979999999
12, 123128.4, 101.4, 90.6, 69482.8, 104.5, 21310.7055, 115.2, 78050.2, 112.8, 933.8, 111.2, 0.5007876000000095, 2.1499577082974497, 8.785430500000004
2024, 126337, 104.1, 98.6, 75335.8, 106.1, 21435.1, 99.3, 83093.4, 106.4, 1009.2, 108.1, 1.038763099999997, 4.934412383889253, 2.210543400000006
01, 9173.7, 105, 89.4, 4837.4, 112.2, 1553, 137.4, 5618.8, 104.5, 942.4, 110.1, 0.5236650999999881, 1.6881387249764117, 1.688138699999996
02, 18361, 105, 89.7, 10083.3, 110.1, 2638.1, 115.5, 11190.3, 104.7, 946.8, 110.8, 0.6377180000000067, 0.8409497265107575, 1.261425900000006
03, 28940.6, 104, 92.2, 16022.8, 106.7, 3809.2, 104, 19408.1, 105, 985.3, 109.3, 0.2279941999999977, 0.3743618399406188, 0.9629222999999882
04, 37912.6, 104.3, 92.7, 21010, 107.7, 5230.4, 111.8, 24579.9, 104.3, 1007.5, 110.2, -0.09999999999999432, -0.03298702672309162, 0.7000000000000028
05, 48168, 104.2, 93.3, 26889.3, 107.2, 6640.9, 111, 31899.3, 105.3, 1003.3, 109.4, -0.08287110000000553, 0.2585395657811915, 0.6186301000000043
06, 59965.3, 104.3, 94.4, 33997.6, 106.8, 7984.4, 109.4, 39881.2, 105.3, 1002.8, 108.8, -0.0840689999999995, 1.0840183760154218, 0.6958979999999997
07, 70544, 104.5, 96, 40081.1, 106.599999999999, 9438.7, 102, 47138.9, 105.8, 1002.4, 108.3, 0.9000000000000057, 2.6645719185794974, 1
08, 80960.3, 104.3, 96.8, 46287.7, 106.9, 11216.9, 101.7, 53947.2, 106.1, 997.1, 108, 0.42996990000000324, 3.5236304967105383, 1.2893272999999965
09, 92829.5, 104.7, 96.9, 53758.5, 107, 12711.1, 96.1, 61587, 106.1, 993, 108, 0.29681469999999877, 3.510610863293536, 1.5341776000000067
10, 103495.8, 104.9, 97.4, 60173, 106.7, 14391.1, 95.6, 68097.2, 105.8, 993.2, 107.8, 0.3289362999999952, 3.428460496925993, 1.722911400000001
11, 113282.4, 104.1, 98.1, 65868.1, 106.3, 15910.3, 96.2, 74670.8, 106.3, 996.8, 108, 0.726973600000008, 4.3756947072530465, 1.962893699999995
12, 126337, 104.1, 98.6, 75335.8, 106.1, 21435.1, 99.3, 83093.4, 106.4, 1009.2, 108.1, 1.038763099999997, 4.934412383889253, 2.210543400000006
2025
01, 9430.2, 99.1, 103.7, 5250.8, 101, 787, 50, 5967.8, 106.2, 1062.9, 112.8, 1, 5.4, 5.4
02, 19072.2, 100.2, 103.7, 10868, 101.7, 2008.9, 75.2, 11907.1, 106.4, 1043.6, 110.2, 0.7015997999999968, 5.451859196578823, 5.417097600000005
03, 29892.9, 100.3, 103, 17369.9, 102.5, 3467.7, 89.9, 20690.7, 106.6, 1083.8, 110, 0.6389092000000005, 5.884191012331769, 5.572884400000007
04, 39305.8, 100.9, 102.8, 22970.3, 103.3, 5069.3, 95.4, 26277.6, 106.9, 1100.6, 109.2, 0.3118529000000052, 6.331003848304604, 5.762415799999999
05, 50099.5, 101.5, 102.5, 29688.3, 103.9, 6694.6, 99.2, 34104, 106.9, 1095, 109.1, -0.07307819999999765, 6.341425373613106, 5.878030100000004
06, 62078.2, 101.5, 102, 37673.3, 103.8, 8073.5, 99.5, 42747.8, 107.2, -, -, -0.42626300000000583, 5.977225217040498, 5.894324900000001
*Xalis vergilər çıxılmaqla / Net taxes are excluded
Mənbə: Azərbaycan Respublikasının Mərkəzi Bankı, Azərbaycan Respublikası Dövlət Statistika Komitəsi / Source: The Central Bank of the Republic of Azerbaijan, The State Committee on Statistics of the Republic of Azerbaijan


