
Cədvəl 2.1. Pul icmalı (dövrün sonuna)
Table 2.1. Monetary survey (end of period)

mln. manat
Tarix, Xalis Xarici Aktivlər, Xalis Daxili Aktivlər, İqtisadiyyata tələblər, Geniş pul kütləsi , Geniş pul kütləsi, manatla, Manatın dövretmə sürəti
Date, Net Foreign Assets, Net Domestic Assets, Claims on economy, Broad money, Broad money, in manat , Velocity of money     
1995, 134.10000000000002, 125.82000000000001, 61.443999999999996, 259.92, 191.52, 11.14139515455305, =CC10+CC11, =BY8+BZ8+CA8+CC8
1996, 118.87999999999997, 190.14000000000001, 377.6, 309.02, 240.84, 11.346121906660022
1997, 246.68, 166.06, 406.22, 412.74, 311.26, 10.146501317226756, 3917, =BY10+BZ10+CA10+CC10
1998, 138.98, 203.6, 438.08, 342.58, 243.7, 14.118178087812884, 444, =BY11+BZ11+CA11+CC11
1999, 317.21999999999997, 101.28, 456.66, 418.5, 280.86, 13.440860215053762
2000, 578.6600000000001, 202.7, 424.18, 781.36, 325.82, 14.481001780123995, =CC15+CC16, =BY13+BZ13+CA13+CC13

2001, 666.7013415361425, 20.61555511554758, 365.13, 687.3168966516901, 350.72034710799807, 15.156234999856329, -367, =BY15+BZ15+CA15+CC15
2002, 535.1294924460344, 250.6294381295495, 426.31, 785.7589305755839, 405.02481057558396, 14.968218839197858, -2281, =BY16+BZ16+CA16+CC16
2003, 649.6745761480917, 370.39215656874046, 589.75, 1020.0667327168321, 519.045520477928, 13.768541906343067
2004, 960.7104769350797, 545.1678843503241, 944.74, 1505.8783612854038, 685.6696216033719, 12.440685326050986, =CC20+CC21, =BY18+BZ18+CA18+CC18
2005, 1036.000487987507, 802.6908571211088, 1451.673865221082, 1838.691345108616, 796.450425248506, 15.722886953187034
01, 942.0047417104662, 502.7653874343837, 944.7634655125099, 1444.7701291448498, 618.4140016251639, 1.060875074425715, -644, =BY20+BZ20+CA20+CC20
02, 898.6840327595784, 544.1813276148937, 998.522069726532, 1442.865360374472, 639.7963909714078, 2.198136813283227, -153, =BY21+BZ21+CA21+CC21
03, 892.2151594739793, 556.5848113930847, 1055.30965780519, 1448.7999708670638, 639.817673245836, 3.331386563904785
04, 1003.1229480410176, 581.6586926550849, 1082.8349468781405, 1584.781640696102, 681.2473323879901, 4.534270966129446
05, 1036.4872921166273, 621.4253256984055, 1099.3367620315685, 1657.9126178150323, 731.2975613003981, 5.425725737337886
06, 1100.3384840961137, 592.1476833898619, 1101.0951560996098, 1692.4861674859758, 775.4408600635999, 6.320301459995324, -31, =BY25+BZ25+CA25+CC25
07, 1082.9939380977798, 691.540608845278, 1136.9263587689998, 1774.534546943058, 811.459760423746, 7.2344437596442654, -440, =BY26+BZ26+CA26+CC26
08, 1071.486496972566, 761.1938663367621, 1226.7760169591581, 1832.6803633093282, 832.0450913643801, 8.584630898173199
09, 1145.196852069382, 728.3441131419956, 1261.4407799139096, 1873.540965211378, 843.4077592897979, 9.69943649426294, =CC30+CC31, =BY28+BZ28+CA28+CC28
10, 1122.292258968044, 741.8905896102422, 1338.8969367714942, 1864.1828485782862, 796.9069712306381, 11.643567361032094
11, 1098.4971849432382, 706.9588318749679, 1393.8364500878258, 1805.456016818206, 773.4428537801101, 13.531626737319973, -521, =BY30+BZ30+CA30+CC30
12, 1036.0004879875073, 802.6908571211088, 1451.673865221082, 1838.6913451086161, 796.450425248506, 15.722886953187034, 23, =BY31+BZ31+CA31+CC31
2006, 1957.2939453609158, 1477.6651191990834, 2369.070928989999, 3434.9590645600006, 2135.4512166600002
01, 1105.486402558196, 673.5574450718035, 1405.0779187999997, 1779.04384763, 707.8578387200001, 1.4307957680194916, 433, =BY33+BZ33+CA33+CC33
02, 1155.1237011387882, 690.585633451212, 1364.1025199999997, 1845.7093345899996, 764.2260487399999, 2.916545443164163, -931, =BY34+BZ34+CA34+CC34
03, 1252.2659811012934, 674.2372906587058, 1398.9087918199998, 1926.5032717600002, 841.3224903400001, 3.8308734605412758
04, 1445.1790252374435, 610.3784273725571, 1504.7018845800005, 2055.5574526100004, 915.66259446, 4.8903384577381175, 204, =BY36+BZ36+CA36+CC36
05, 1516.6699195310116, 636.6852748589886, 1577.85957433, 2153.35519439, 986.2139775100001, 5.93573010877413, 200, =BY37+BZ37+CA37+CC37
06, 1585.4926098653332, 763.9633959546663, 1677.1738760599997, 2349.45600582, 1131.24721438, 6.317275224334329
07, 1884.5023596718318, 661.6008383381683, 1785.2472700100002, 2546.1031978499996, 1293.6081918599998, 6.805383620323235, 295, =BY39+BZ39+CA39+CC39
08, 1588.2240708241015, 1071.4717123958985, 1913.3265658300002, 2659.69578298, 1411.47614341, 7.294986917117915, -95, =BY40+BZ40+CA40+CC40
09, 1638.6151015690937, 1159.5437563109065, 2033.0709613599995, 2798.1588578800006, 1529.3885263800003, 8.323718780689338
10, 2014.0511970996029, 937.1146758003972, 2170.7026661899995, 2951.16587265, 1714.39269826, 8.6105126409966, 0, =BY42+BZ42+CA42+CC42
11, 1649.3031889469619, 1391.3515558130375, 2250.3402722599994, 3040.65474476, 1820.3852246000001, 8.970299131925836
12, 1957.2939453609158, 1477.6651191990834, 2369.070928989999, 3434.9590645600006, 2135.4512166600002, 8.446505290910519, =CC45-CC49, =BY44+BZ44+CA44+CC44
2007, 2871.6757064960207, 3025.579504403981, 4644.1, 5897.2552109, 4401.6, =CC47+CC48, =BY45+BZ45+CA45+CC45
01, 2114.370075102637, 1138.104679647363, 2520.130508529999, 3252.47475475, 1950.7451824, 0.8442927425168353
02, 1748.9776398929316, 1599.4913577270686, 2693.20722242, 3348.4689976199998, 2078.7716244099997, 1.574535635163375, 954, =BY47+BZ47+CA47+CC47
03, 1805.2500934654174, 1659.1831381645818, 2906.1031668499995, 3464.4332316299997, 2216.02825881, 2.3219017986544372, 11, =BY48+BZ48+CA48+CC48
04, 2126.9685358907027, 1418.2946958292966, 3111.6, 3545.26323172, 2340.6354799700002, 2.941167071469084, =CC51+CC52+CC53+CC54, =BY49+BZ49+CA49+CC49
05, 1831.8186928825041, 1953.149984617496, 3329.7, 3784.9686775, 2523.21340077, 3.4730316497707907
06, 2140.3657838791883, 1900.8716703008108, 3462.2, 4041.23745418, 2739.73652227, 3.89541107812711, 1214, =BY51+BZ51+CA51+CC51
07, 2800.913101097166, 1540.2822771128333, 3452.6, 4341.19537821, 3024.83662836, 4.21169853623043, -745, =BY52+BZ52+CA52+CC52
08, 2516.90987649923, 2119.18665574077, 3586, 4636.09653224, 3259.80839982, 4.545175109315667, 0, =BY53+BZ53+CA53+CC53
09, 2744.562324485067, 2200.4853187249337, 3771.3, 4945.04764321, 3417.3791419, 4.85986462443446, 15, =BY54+BZ54+CA54+CC54
10, 3239.6269183050667, 1905.1886028849335, 4077.5, 5144.81552119, 3530.08084825, 5.308546972596947, -372, =BY55+BZ55+CA55+CC55
11, 3079.6416690861297, 2232.04053449387, 4387.4, 5311.68220358, 3769.71250727, 5.522437045226097, -231, =BY56+BZ56+CA56+CC56
12, 2871.6757064960207, 3025.579504403981, 4644.1, 5897.2552109, 4401.6, 6.092125590694292
2008, 4036.088567358178, 4458.113602511821, 7224.9, 8494.20216987, 6081.00030267, =#REF!+CC42-CC44+CC55-CC56, =BY58+BZ58+CA58+CC58
01, 3540.2907294331403, 2110.0584309268597, 4801.8, 5650.3491603600005, 4095.94964402, 0.5581123301497399
02, 3542.9353284594913, 2652.0249402405093, 4857.6, 6194.960268700001, 4246.36731977, 1.1226066048987489
03, 3601.523462422109, 2739.7297048278897, 4969.1, 6341.25316725, 4428.22798458, 1.8539695852580784
04, 4315.0298191112, 2234.889568708798, 5261, 6549.919387819999, 4563.1478739799995, 2.4483975335770523
05, 3132.6474541564075, 3696.7593459235904, 6128.2, 6829.40680008, 4598.2767978, 3.111730900333318
06, 3842.2920691327045, 3494.7082214072943, 6243.7, 7337.00029054, 4933.15039075, 3.7512945144951337
07, 4144.187629058036, 3393.1324747419662, 6438.3, 7537.320103800001, 5211.74796595, 4.416387774385485
08, 3962.0719948913643, 3674.5599309386384, 6560.3, 7636.631925830001, 5365.0975741, 4.825988650233149
09, 3870.2094703189027, 3779.530311301102, 6687.5, 7649.73978162, 5514.48819374, 5.507383266225181
10, 3915.4523760223565, 3692.5677385876447, 6794.1, 7608.02011461, 5443.83395957, 5.97784580530639
11, 3544.296566410124, 4174.3551066098735, 6958.4, 7718.65167302, 5512.82048707, 6.287271657274968
12, 4036.088567358178, 4458.113602511821, 7224.9, 8494.20216987, 6081.00030267, 6.600427232732888
2009, 3529.3299135213997, 4939.8527167586, 8556.4, 8469.18263028, 6169.22498807
01, 4094.828060680517, 3914.430165949486, 7255.2, 8009.25822663, 5594.6607753, 0.6898184099094113
02, 3787.356214899678, 3541.033001920322, 6770.2, 7328.38921682, 5264.8158649, 0.7330360831286744
03, 3189.0613707546263, 3208.322316655374, 6299.8, 6397.38368741, 4740.866656779999, 1.4220606669791966
04, 3217.4189168434937, 3285.0097464865057, 6381.1, 6502.42866333, 4732.2624489400005, 1.900993467092057
05, 3245.4877517428868, 3366.4842491071126, 6487.6, 6611.972000849999, 4811.175383649999, 2.362437261926857
06, 3348.0183800322197, 3345.90775259778, 6569, 6693.926132629999, 4872.02690197, 2.932598749449183
07, 3426.413995229105, 4155.972159300898, 7322.8, 7582.386154530001, 5091.55427401, 3.4049524107981552
08, 3316.73350571055, 4252.317384429449, 7733.7, 7569.05089014, 5333.46376494, 3.8676554129044614
09, 3193.8457408628246, 4264.508994597176, 7906.4, 7458.35473546, 5222.3727559, 4.48591111646198
10, 3676.87984859424, 3998.7418354157576, 8128.2, 7675.6216840100005, 5388.52221513, 4.945233393522739
11, 3707.3092519136003, 4197.5760347864, 8253.8, 7904.885286699999, 5575.5593386, 5.318605398870358
12, 3529.3299135213997, 4939.8527167586, 8556.4, 8469.18263028, 6169.22498807, 5.605031436990549
2010, 4638.27895334636, 5889.210149043642, 9388.078619600003, 10527.48910239, 8297.46906709
01, 3668.1501651784997, 4475.6204525714975, 8613.4, 8143.77061775, 5837.69641276, 5.451633348750364
02, 3547.8373440769988, 4584.719394143, 8550.5, 8132.556738219999, 5853.111100749999, 6.281799388358306
03, 4003.4407711724007, 4669.976234027598, 8658.5, 8673.4170052, 6182.55894874, 6.179665512891017
04, 3891.044689624101, 4844.4220380059, 8797.5, 8735.466727629999, 6347.7163216399995, 6.136821210832269
05, 3823.208168959681, 5106.558011780322, 8945.5, 8929.76618074, 6453.97334127, 6.148335915711187
06, 3682.3204846679605, 5400.156291762038, 9033.5, 9082.47677643, 6629.448883409999, 5.9371888858720245
07, 3854.6548589143995, 5199.810282985602, 8852.5, 9054.4651419, 6892.002366090001, 5.7594022054556016
08, 4026.5998572004796, 5288.406061019519, 9011.3, 9315.005918219998, 7046.607604659999, 5.574943944597393
09, 4070.84639104981, 5319.121622530191, 9160.7, 9389.968013579999, 7156.072973319999, 5.4606978661561465
10, 4046.5815493722507, 5573.3372700677555, 9257, 9619.918819440001, 7314.537694000001, 5.3317930138765455
11, 4253.30719513016, 5367.467421609839, 9352.5, 9620.77461674, 7417.65839261, 5.3790797686614455
12, 4638.27895334636, 5889.210149043642, 9388.078619600003, 10527.48910239, 8297.46906709, 5.010509189514914
2011, 7849.883180940249, 6053.292407179752, 11814.156175560001, 13903.17558812, 10997.15882292
01, 5059.370302645201, 5047.8902188148, 9385.06132474, 10107.26052146, 7763.8045956900005, 5.320848038331745
02, 4993.709670519201, 5278.896107180798, 9403.624900839997, 10272.6057777, 7907.687162470001, 5.092378314807087
03, 5201.659194250549, 5555.74106970945, 8598.9848898, 10757.40026401, 8115.492900929999, 5.136393321421971
04, 5607.763255017522, 5152.806116222482, 10354.34255773, 10760.569371239999, 8176.43909859, 5.0321290543515484
05, 5530.086857479799, 5526.046390690195, 10542.867697859994, 11056.133248170001, 8392.00201071, 5.032387988560534
06, 5226.8616327624595, 6185.654538937539, 10708.556130879999, 11412.5161717, 8735.36012544, 5.155230441651213
07, 5605.063078819519, 6316.164624720478, 10910.089063099998, 11921.22770354, 9351.37945389, 4.85836345360053
08, 4966.9644559154995, 7369.281561604497, 11328.251774179998, 12336.246017520003, 9569.831912360001, 4.838471023427867
09, 4996.032791287109, 7656.139593962891, 11487.75340066, 12652.172385250002, 9630.277090840002, 4.788095905631185
10, 5449.439400017899, 7202.781769612101, 11600.475687729999, 12652.22116963, 9748.64488364, 5.008719200705742
11, 5247.1810448815995, 7583.558475588405, 11677.472621020004, 12830.73952047, 9991.944854450001, 4.965101732403247
12, 7849.883180940249, 6053.292407179752, 11814.156175560001, 13903.17558812, 10997.15882292, 4.552886189211799
2012, 8283.141985094, 8492.159821295996, 15603.110140220002, 16775.30180639, 13806.37612688
01, 8179.2003237670415, 5295.426421032962, 11960.85792858, 13474.6267448, 10550.64672973, 4.653232991488636
02, 8320.905356617319, 5478.25651954268, 12101.508401289999, 13799.16187616, 10694.32494869, 4.489438298906895
03, 8374.435042321, 5945.447789739002, 12123.26254884, 14319.88283205, 11263.43794479, 4.364259459843387
04, 9022.776018547323, 5323.425590132683, 12291.642298090002, 14346.20160868, 11202.396400419999, 4.452170963364994
05, 8503.933752275801, 6075.550495464206, 12453.759248170005, 14579.48424774, 11456.70347266, 4.368168844431642
06, 8130.6310187444815, 6396.851249085521, 12791.04749839, 14527.48226783, 11753.66375178, 4.400537703021176
07, 8419.557904627001, 6283.485238013002, 12753.53298939, 14703.043142640003, 11971.003045320002, 4.408236571714978
08, 8337.3287172767, 6665.663476843302, 13125.689057630003, 15002.99219412, 12218.2895424, 4.3135788121097
09, 8492.1448392024, 6851.185458937599, 13553.82171255, 15343.330298140001, 12402.361989680001, 4.274505740824356
10, 8815.572643267202, 6790.9985671728, 13827.021194729998, 15606.57121044, 12563.57153646, 4.782291699831259
11, 8896.829896676549, 6890.914045123449, 14367.090263119999, 15787.7439418, 12649.58931952, 4.155882399443461
12, 8283.141985094, 8492.159821295996, 15603.110140220002, 16775.30180639, 13806.37612688, 3.9108674238034538
2013, 9975.526182756601, 9127.761004133405, 16582.112609380005, 19289.43505459, 16434.78161719
01, 8753.824921174397, 7865.4690825056, 14419.78952009, 16619.294003679996, 13685.938089679998, 3.923121648525257
02, 8577.0188716652, 8188.051745904799, 13634.921192759999, 16765.07061757, 13905.86568132, 3.600466245496439
03, 9156.441834296402, 8288.7049269436, 13678.84023187, 17445.14676124, 14184.517696760002, 3.6510229749883782
04, 9176.890391759998, 8303.484926309997, 14364.643777299996, 17480.375318070004, 14369.789669550002, 3.597234280299577
05, 9218.9531737848, 8414.898651665202, 14752.904465990003, 17633.85182545, 14515.32134096, 3.6572597156494666
06, 8793.607174044253, 8712.672217175752, 15071.089690870003, 17506.27939122, 14682.522197119999, 3.705357926220022
07, 9284.630614636, 8669.492453434, 15521.622974330001, 17954.12306807, 14916.31385235, 3.711761534923547
08, 9155.66704560168, 8847.107458968318, 15681.06523186, 18002.77450457, 15163.179898129998, 3.701710352122262
09, 9262.2368177244, 8947.916966115597, 16024.718345569998, 18210.15378384, 15264.92949411, 3.7338746540117214
10, 9884.521166418997, 8565.018004171001, 16190.7225745, 18449.53917059, 15495.52054265, 3.6834838715420637
11, 9943.594772619761, 8912.786785650242, 16484.55987146, 18856.38155827, 15673.90127194, 3.624247659496005
12, 9975.526182756601, 9313.908871833404, 16582.112609380005, 19289.43505459, 16434.78161719, 3.5113457144839675
2014
01, 10313.828678065041, 8731.021943784963, 16663.613278920002, 19044.85062185, 15982.87913455, 3.272752021688409
02, 10730.386405456722, 8543.173303073278, 16933.433028599997, 19273.559708530003, 16124.661814100004, 3.148866040440053
03, 11792.215780226838, 7584.80117032316, 17313.647155, 19377.016950549998, 16132.314188839999, 3.2607101116583466
04, 12216.608476437083, 7575.9506153929215, 17716.84290394, 19792.55909183, 16489.67684934, 3.3123086946477134
05, 12112.184756759523, 7856.376739910484, 18123.072748740004, 19968.56149667, 16695.74778433, 3.370169502249582
06, 12068.196271351564, 8501.050202018443, 18209.982750170002, 20569.24647337, 17005.0829936, 3.38051863796462
07, 12429.804703018724, 8795.59500472128, 18477.87427673, 21225.39970774, 17435.08179485, 3.3425022426458524
08, 12073.92507237732, 9232.470557712677, 18777.822485639997, 21306.39563009, 17452.391032289997, 3.366724931345422
09, 11912.041999287285, 9221.086282162723, 19082.94481929, 21133.12828145, 17367.80531622, 3.389058025945827
10, 12189.50466924004, 9182.608892609964, 19307.721907270003, 21372.113561850005, 17370.041469000003, 3.400696544416522
11, 11986.022929026241, 9703.736483053757, 19758.176670529996, 21689.75941208, 17525.152211059998, 3.3454448380196884
12, 10477.630813157359, 11088.726110782638, 20041.87220582, 21566.35692394, 17435.83234627, 3.382562921500961
2015
01, 9805.726223730002, 10762.770555879999, 19899.44690347, 20568.496779610003, 16236.448099690002, 2.6841092172636
02, 10926.39392425, 9188.774588219998, 22155.680821059996, 20115.16851247, 13607.04373104, 3.136728362431581
03, 9368.00387013, 10139.384984620006, 22099.479051470007, 19507.38885475, 12493.102293259999, 3.690036223018109
04, 8845.135518520001, 10137.745574610002, 22082.80706562, 18982.88109313, 11004.003724679998, 4.536258006533128
05, 8801.645188460001, 10165.164992949998, 22074.49439422, 18966.81018141, 11051.43324894, 4.6352648426767065
06, 8676.70897709, 10172.653723980002, 22042.853342460003, 18849.36270107, 10991.807172730001, 4.779032162274844
07, 8888.991460119998, 9966.403621380003, 21909.448119130004, 18855.3950815, 10853.4799398, 5.063418791994097
08, 8488.722814900002, 9245.546705710003, 21877.230808510005, 17734.26952061, 9545.65731579, 5.661359737962426
09, 8349.693119989994, 9334.331006330003, 21203.703947240003, 17684.02412632, 9368.91632848, 5.7891291548620485
10, 8717.57323228, 8651.912897780005, 20910.811603430007, 17369.486130060002, 9363.64341622, 5.8867854690532475
11, 8766.75007649, 8677.729050800004, 21248.51733812, 17444.47912729, 9050.03567806, 6.034029451460443
12, 10680.57673565, 10606.32995677, 24627.24607078, 21286.90669242, 8678.299042159999, 6.262989986396221
2016
01, 10181.611797529999, 9748.577950360006, 24204.942155520006, 19930.18974789, 8001.737058979999, 6.015493841550425
02, 10029.378411110001, 9569.464920860008, 23355.908324403506, 19598.843331969998, 8686.374386129999, 5.449016804476891
03, 11909.642779999996, 8725.473138739995, 22629.552759573737, 20635.115918739997, 8943.0222278, 5.63062449330257
04, 11689.993301909999, 8875.739055919998, 21736.17771395, 20565.73235783, 9205.75990082, 5.496960657804306
05, 8691.518062569996, 11938.220276070002, 21206.45828482, 20629.73833864, 9600.709636919999, 5.377802470085287
06, 9375.842632499998, 11475.642199420003, 21203.648283040002, 20851.48483191, 9806.54379268, 5.506996261038594
07, 8552.638463820002, 12549.25582809, 19363.99417842, 21101.89429191, 10096.59923992, 5.454045761070597
08, 8842.82243727, 12311.232067360002, 19567.95604639104, 21154.054504630003, 9861.401103290002, 5.784340318635809
09, 8401.612805629999, 11732.53741148, 19489.634150261038, 20134.15021711, 9966.407078650001, 5.811027605999769
10, 8163.62686379, 11958.957116480002, 19057.325024561036, 20122.58398027, 10679.03181364, 5.531220529238817
11, 7502.130379020002, 12769.745173680003, 19799.13768470104, 20271.8755527, 10942.42303639, 5.42672892821681
12, 7591.641721240001, 13297.95849622, 17661.766609731036, 20889.60021746, 11546.34558836, 5.19538407550128
2017
01, 9686.261190800002, 11348.592694390001, 16055.80105774104, 21034.85388519, 10749.334211820002, 5.841961814802261
02, 7579.480259350002, 12571.724120029996, 15349.225691871037, 20151.204379379997, 10764.027273759999, 5.597867644472442
03, 8259.718802550005, 11643.207625820003, 14953.03136745104, 19902.926428370003, 10981.981760760002, 5.5471590945152105
04, 8656.336508679999, 12425.470219749994, 15051.610971511036, 21081.80672843, 11610.051899549999, 5.204059423915394
05, 9246.385957659999, 11609.979976169992, 14254.77228678104, 20856.365933830002, 11568.538726760002, 5.256746892269932
06, 9423.395212559997, 11549.609276900004, 13329.53336102104, 20973.004489459996, 11435.887373869999, 5.47584966104895
07, 9715.02283285, 11109.361999189996, 12094.787673261037, 20824.38483204, 11338.46891634, 5.691683057451375
08, 10145.448565560002, 10410.854755249993, 11728.830825641035, 20556.303320809995, 11137.546011989998, 5.887275341391323
09, 13649.886896820004, 7483.83229185, 11862.255660601038, 21133.719188670002, 11464.497166829999, 5.822880762110088
10, 14490.233194789998, 6959.38794671, 11674.205142721039, 21449.6211415, 11546.72964532, 5.869869831712132
11, 12879.959697359996, 8637.96077569, 11817.19033116, 21517.92047305, 12044.7137398, 5.712469057533371
12, 15051.31524702, 7720.755204000003, 11363.186676810003, 22772.07045102, 12466.43260168, 5.625915788494975
2018
01, 15215.15271205, 7540.246061729998, 11439.61423022, 22755.398773779998, 12272.674945, 5.91509188708493
02, 15209.074641149999, 7659.002226940003, 11216.25471754, 22868.07686809, 12744.8789439, 5.433476481402297
03, 14827.697943479998, 7631.801611640003, 10921.3160643, 22459.499555119997, 13005.87500868, 5.285334508760333
04, 15207.835717920001, 6912.145604240007, 11295.221409450003, 22119.981322159998, 12425.14137593, 5.5457719083572545
05, 14685.559832260002, 7459.5814682800055, 11567.469745009997, 22145.141300540003, 12599.04958142, 5.5802304408485455
06, 14866.660805050002, 7816.950840970001, 11601.38508041, 22683.611646020006, 12984.69515177, 5.700418772627885
07, 14898.302429340003, 7829.672297160001, 11658.17965748, 22727.974726499997, 13347.24488812, 5.584279263766568
08, 14742.815107280003, 7688.791299570008, 11908.097342610003, 22431.606406849998, 12875.444561080003, 5.8858433695623225
09, 14925.815097000002, 8220.548206429998, 11994.59567021, 23146.363303429996, 13498.86285783, 5.705359590492743
10, 15278.428414849997, 8312.266797220003, 12155.465655079997, 23590.69521207, 13995.88495462, 5.593043973554537
11, 15623.576645599996, 8103.956030199999, 12613.941619519996, 23727.5326758, 14130.015342300001, 5.592126720987301
12, 14951.341600259995, 9109.051574659998, 13057.835329099997, 24060.393174920002, 14643.622398930002, 5.449286920006264
2019
01, 15436.09738542, 8243.16995398, 12703.17767779, 23679.2673394, 13961.6501642, 5.096388977174827
02, 16412.663800009996, 8147.605019550002, 12778.940305229999, 24560.26881956, 14392.6817524, 4.787641468450427
03, 16294.60447288, 7904.114186490001, 12776.21254723, 24198.71865937, 14293.50718765, 5.068511111296472
04, 16354.029426420002, 8119.345586970001, 12746.49123232, 24473.375013390003, 14965.257296850003, 4.773736834784476
05, 16144.320443900002, 8689.707201660005, 12764.291382460002, 24834.027645559996, 15491.78615055, 4.741924480889632
06, 15922.972550980003, 9361.194819210006, 13104.776029759998, 25284.16737019, 15834.29493227, 4.777629842287823
07, 16082.351295590004, 9559.92555169, 13371.491012979996, 25642.276847279998, 16182.182113769999, 4.711329996411608
08, 16474.534192860006, 9008.143697889996, 13594.453350999996, 25482.677890749997, 15948.621320620001, 4.7849621898874775
09, 16841.025754920003, 9709.61216948, 13944.7088059, 26550.637924399998, 16217.440250410002, 4.806693625074149
10, 17194.459753770003, 9252.4802078, 14176.468375749999, 26446.93996157, 16339.016886419999, 4.804335569616975
11, 16611.147235610006, 10131.010045580004, 14828.83944168, 26742.157281189997, 16663.40605034, 4.769440715339567
12, 16923.436541439994, 11942.869630390003, 15036.395868329997, 28866.30617183, 18238.61101426, 4.478466037580223
2020
01, 17461.082540930005, 11069.35546377, 15174.153975789997, 28530.4380047, 17946.08479271, 4.359859039102688
02, 16935.301778849996, 11681.39100266, 15453.48120954, 28616.69278151, 18299.3697938, 4.124076449100956
03, 17405.766731319996, 9315.424629540004, 15339.275539660002, 26721.19136086, 16442.77371898, 4.456936600386792
04, 17442.282064709994, 8849.521822840004, 15072.395578970001, 26291.80388755, 16484.15498058, 4.076733085752358
05, 17340.41861713, 9289.804393089995, 14523.218296129999, 26630.22301022, 17021.31066029, 3.8746581456775053
06, 16389.94843484, 9823.561170189996, 14373.889682129999, 26213.509605029998, 17169.07067143, 3.937767005205588
07, 16346.638948270001, 10365.167312649999, 14714.01681705, 26711.80626092, 17927.599440489998, 3.8257213536964993
08, 16420.15246416, 10503.255776259994, 14835.45232519, 26923.40824042, 18109.264225810002, 3.807098352551441
09, 15472.272472590004, 11311.003160490003, 14944.390646930002, 26783.27563308, 18427.77644216, 3.767790444925843
10, 15614.192489770001, 11333.686743449998, 15302.399984839998, 26947.879233220003, 18573.56709312, 3.777594236380681
11, 17371.823992289996, 9775.27896361, 15140.635196690002, 27147.1029559, 18613.84454465, 3.7924440309486314
12, 18435.934671379997, 10749.872900919996, 14933.871500879997, 29185.8075723, 20305.47803189, 3.5671260674702827
2021
01, 18629.75584029, 9482.522564750001, 14877.395116979997, 28112.27840504, 19488.34299903, 3.852641551092213
02, 18655.831137790003, 9922.202388410004, 14940.178832529999, 28578.0335262, 19587.868783219998, 3.6815643803871434
03, 18731.7518734, 10567.742744940004, 14973.671767880001, 29299.494618340002, 20319.89929919, 3.7247231832008647
04, 18641.51758321, 11112.358257790002, 15250.671643320004, 29753.875841, 20889.34986874, 3.601634348256433
05, 18878.32829608, 11578.641411040002, 15323.944779, 30456.96970712, 21612.49612172, 3.5015853594044404
06, 17913.22091058, 12380.715167719998, 15573.909282170001, 30293.936078300005, 21480.734456600003, 3.716353375220467
07, 18590.74998513, 12916.566683020004, 15633.965863520005, 31507.316668149997, 21840.937861349998, 3.709597372998422
08, 18028.22927043, 13260.928285479999, 15866.601328869998, 31289.15755591, 21946.90603559, 3.7406320447570556
09, 18583.587132689998, 13628.549177099998, 16176.23063507, 32212.136309789996, 22407.213064969998, 3.7414975744751584
10, 18807.25812669, 13655.549796100006, 16637.72209953, 32462.80792279, 22578.34708003, 3.804831225930727
11, 19212.29293517, 13819.00268611, 16903.3458982, 33031.295621280005, 22743.662187120004, 3.870242627809501
12, 20171.00601923, 14475.635467280003, 17432.947822030004, 34646.64148651, 23874.89363441, 3.889345076124973
2022
01, 20644.00900419, 14003.592208620003, 17664.256217129998, 34647.60121281, 23113.73321164, 4.806285465995378
02, 20806.759282540002, 13077.34499216, 18108.42253305, 33884.1042747, 23010.41155588, 4.999962722118294
03, 21167.64997112, 13742.878801230007, 18431.213404970007, 34910.52877235, 23597.13338761, 5.091635412930511
04, 21284.63933875, 14354.179341939996, 18778.023275389998, 35638.818680690005, 24214.973517330003, 4.900455493584377
05, 20984.27428916, 16016.839450910004, 19105.3349229, 37001.11374007, 25371.1241111, 4.811848283324131
06, 21843.776461989994, 16446.592322800003, 19447.286774370004, 38290.368884790005, 26164.28156456, 4.843580347784382
07, 22007.30401348, 16250.072628029999, 19647.958738629997, 38257.376641509996, 26265.92058921, 4.839853207057286
08, 22153.51950797, 16911.34621807, 19828.250462769996, 39064.86572604, 26973.76782445, 4.720163709742915
09, 22267.239252699997, 17883.18254453999, 20352.808314019992, 40150.42179724, 27698.74506401, 4.721166958928937
10, 24658.507956729998, 16519.659770829992, 20638.016606299996, 41178.16772756, 28702.123430260002, 4.641950632110186
11, 22692.495799500008, 19039.985192260003, 21105.46691174, 41732.48099176, 28664.18143591, 4.622016769219534
12, 25030.79114059001, 17794.138854120007, 20472.839225040007, 42824.92999471, 29565.60384879, 4.526401716144111
2023
01, 25868.055113970007, 16146.762710270003, 21288.89094471, 42014.81782424, 28914.779509910004, 4.021555826152725
02, 23298.165353230008, 18434.83495721, 21116.176848379997, 41733.00031044, 29018.29766232, 4.0965531949297675
03, 21484.84111871, 19593.412260490004, 21403.62919359, 41078.2533792, 29693.952624060003, 4.083067065371465
04, 23585.93523958999, 17591.534631979994, 21520.68883545999, 41177.46987157, 30189.14361971, 3.973597314025178
05, 22451.585595700002, 18920.234159929994, 21471.02568489999, 41371.81975563, 30368.84442737, 3.9182893601561086
06, 20991.644776169993, 20248.293868329998, 22335.133190169996, 41239.9386445, 31403.95331812, 3.840414573868689
07, 20638.09637532999, 20432.483649409998, 22513.200543559997, 41070.58002474, 31713.095934369998, 3.8040454136838817
08, 21126.532039799993, 19983.770695990006, 22719.850545200003, 41110.30273579, 32027.483827459997, 3.7512968751229026
09, 20621.75071186, 21402.317896349996, 23087.72683637, 42024.06860821, 33180.73447101, 3.6492059402459525
10, 22371.92393224, 20522.28564664, 22961.07327883, 42894.20957887999, 33433.65352687999, 3.6208941359839844
11, 23021.82357695, 20339.94109073, 23286.30599253, 43361.76466771, 34199.0273602, 3.515659793134021
12, 25216.533737230002, 19856.920698250004, 23505.793843, 45073.45443548, 35371.8282971, 3.477499069791785
2024
01, 24559.443468530004, 20339.21727391, 23979.402651959997, 44898.660742440006, 34235.278261960004, 3.200558183333045
02, 24688.383061890007, 20074.220093179996, 24395.710689939995, 44762.603155070006, 34263.95820084, 3.253021712980827
03, 25532.34104336, 19297.972344409995, 24565.355564489997, 44830.31338777, 34453.60653723, 3.378084667979066
04, 26281.27450592001, 18995.971190810003, 25042.42226499, 45277.245696729995, 34268.325425639996, 3.342611539293235
05, 25162.177145440004, 19685.414133419996, 25449.952293029997, 44847.59127886, 34409.4229081, 3.349733597911262
06, 24772.441914570005, 20289.87431744, 25785.013632470007, 45062.31623201, 35127.50093079, 3.3888206347084093
07, 24884.496230970006, 20036.24199298, 25954.73056704, 44920.73822395001, 35452.56031051001, 3.4111096735859903
08, 25373.403856425335, 19647.934270374673, 26160.352005145294, 45021.33812680001, 35273.35711238001, 3.4428378793970156
09, 25487.462569676474, 20098.99717599352, 26704.28693854493, 45586.45974567, 35772.72729391, 3.459972890793202
10, 26286.86755745065, 18165.763777059354, 26885.704399570845, 44452.63133451, 34624.966100289996, 3.5868615622690765
11, 27186.921005491386, 17504.915756198614, 27092.107084653653, 44691.83676169, 34639.02091267, 3.567675896832221
12, 26603.759150867496, 19891.089172762495, 27234.28993079592, 46494.848323629994, 36651.98436673, 3.446934789011847
2025
01, 28317.706443196843, 17246.55393498316, 27219.348685858917, 45564.26037818, 34752.16536771, 3.2562690354007393
02, 28543.549321486746, 18131.119792483256, 27315.96314514341, 46674.669113970005, 35436.52907817, 3.229244030857819
03, 28259.02771491459, 18471.81872221542, 27633.610587143692, 46730.84643712999, 35559.11787017, 3.3626143493370177
04, 28924.81621485934, 18282.87131467067, 27803.202181655983, 47207.68752953, 35438.83122286, 3.3273501391303446
05, 29791.157823620077, 18514.856948809913, 28141.505057382998, 48306.014772430004, 35768.5371227, 3.3615800273724954
06, 26120.031301905932, 22348.00708410407, 28161.613348731, 48468.03838601, 36817.809426399996, 3.3721832432261536
Mənbə: Azərbaycan Respublikasının Mərkəzi Bankı 
Source: Central Bank of the Republic of Azerbaijan

